JOB_NAME=2433592a_y13
ODB_VERSION_MAJOR=6
ODB_VERSION_MINOR=1
CREATION_DATE=20200611.084033
SAVE_DATE=20200611.084339
SAVE_APP=Genesis 09.07b2
SAVE_USER=0
